1
1
2
1
2
2
1
1
1
2
3
4
4
5
6
7
8
9
10
10
10
11
11
12
13
13
14
13
13
13
13
13
13
13
12
13
13
14
15
14
14
15
16
16
16
16
15
16
17
17
17
17
18
17
18
18
18
18
17
17
16
17
17
18
19
20
21
21
21
21
21
22
23
24
24
24
24
24
24
23
24
25
26
26
26
27
28
29
29
28
29
29
29
30
29
29
29
30
29
30
31
32
33
34
34
34
34
34
35
36
37
37
37
37
38
39
39
39
40
41
42
42
41
42
43
43
43
43
44
45
46
46
45
46
46
47
46
47
48
48
48
48
48
48
49
50
50
50
50
50
50
50
51
52
52
52
53
54
54
54
54
54
55
54
55
56
56
56
56
56
56
56
56
56
56
56
57
57
57
58
58
59
60
61
62
62
63
63
62
63
64
65
65
65
64
65
66
67
67
67
66
