0
1
2
3
4
4
3
4
5
6
6
6
5
5
5
5
6
6
6
5
6
6
7
7
7
8
8
8
7
7
6
6
7
7
6
6
5
6
7
8
9
10
11
12
13
13
13
13
12
13
13
13
13
12
13
14
15
15
16
16
16
16
15
15
15
16
16
16
17
18
19
20
21
22
23
23
24
25
26
27
27
27
27
27
27
27
28
28
28
28
28
28
28
28
28
28
28
27
28
29
29
30
31
32
33
33
34
33
34
35
35
36
36
36
36
36
37
38
39
38
39
40
41
41
41
41
42
43
44
45
45
46
45
46
46
46
46
46
47
47
47
48
49
49
49
48
49
49
50
51
52
52
52
51
52
53
54
55
56
57
58
59
60
61
62
63
63
63
64
64
64
64
65
64
65
66
67
67
67
66
67
68
69
70
71
72
72
73
74
75
76
77
78
78
78
78
78
79
79
79
80
79
80
81
82
83
84
84
85
86
86
87
86
